


x           -12         -8          -9          2           12
        [10100]     [11000]     [10111]     [00010]     [01100]

y           -15         -8          8           5           4
        [10001]     [11000]     [01000]     [00101]     [00100]

x + y       -27         -16         -1          7           16
        [100101]    [10000]     [11111]     [00111]     [010000]


x + t/5 y   5           -16         -1          7           -16
        [00101]     [10000]     [11111]     [00111]     [10000]


case        1           2           2           3           4